Start_runId Stop_runId Start_z_vertex Stop_z_vertex   75-80% 70-75% 65-70% 60-65% 55-60% 50-55% 45-50% 40-45% 35-40% 30-35% 25-30% 20-25% 15-20% 10-15% 5-10% 0-5% Normalize_stop  zpar0        zpar1         zpar2        zpar3         zpar4          zpar5           zpar6           zpar7       wpar0        wpar1        wpar2        wpar3         wpar4         wpar5
11077023    11081058   -40.0          40.0            7      11     16     22     30     41     54     69     88     109    135    165    199    239    285   339  100             401.995      0.404492      -0.000173464  4.31794e-05   2.77825e-06   -4.6255e-08     -1.68239e-09    0.0         7.84198e-01  9.63743e+01  1.80256e+01   4.33586e+01   1.93941e-04  5.31901e-05
11081059    11098060   -40.0          40.0            7      11     16     22     30     41     54     69     88     109    135    165    199    239    285   339  100             401.995      0.404492      -0.000173464  4.31794e-05   2.77825e-06   -4.6255e-08     -1.68239e-09    0.0         1.02181e+00  6.42068e+01  4.67363e+01  -8.67449e+01  -2.81908e-08  4.50725e-05
12111032    12119029   -70.0          70.0            6      8      12     17     23     30     40     52     66     83     102    125    152    183    220   263  40              318.142      0.0808996     0.00315388   -9.51408e-06  -2.12705e-06   7.79328e-11     3.17772e-10     0.0         1.00746e+00  3.51459e+01  5.59769e+01  -2.99014e+02  -6.32608e-06  5.2202e-05
12119030    12122025   -70.0          70.0            6      8      12     17     23     30     40     52     66     83     102    125    152    183    220   263  40              318.486      0.0790558     0.00277076   -2.24739e-05  -1.84283e-06   3.17651e-09     2.71201e-10     0.0         9.53142e-01  6.31022e+01  5.19800e+01  -2.43390e+02   1.54744e-05  9.26225e-05
11113050    11124053   -70.0          70.0            4      6      8      12     16     22     28     37     46     58     72     87     106    128    154   185  40              213.441      0.221321      0.0107025    -0.000220191  -3.93785e-06   4.71263e-08     2.86974e-10     8.36        8.35200e-01  8.69740e+01  5.00054e+01  -8.31208e+01   7.37246e-05  3.98413e-05
11124054    11147040   -70.0          70.0            4      6      8      12     16     22     28     37     46     58     72     87     106    128    154   185  40              221.809      0.0826672     0.00301726   -1.50271e-05  -1.88329e-06   1.0683e-09      2.60063e-10     0.0         9.06860e-01  6.01308e+01  5.44187e+01  -1.44449e+02   3.45590e-05  7.07684e-05
11098062    11106007   -40.0          40.0            7      10     15     21     28     38     50     64     81     102    125    153    185    222    265   316  80              375.463      0.13738       -0.000736856  2.86425e-05   3.26438e-06   -2.02371e-08    -1.66782e-09    0.0         1.01837e+00  4.09401e+01  5.57224e+01  -2.25094e+02  -6.76875e-06  2.90872e-05
11106008    11113047   -40.0          40.0            7      10     15     21     28     38     50     64     81     102    125    153    185    222    265   316  80              370.305      0.0979523     0.000714647  -2.13586e-05   5.33714e-07   1.0941e-08      -4.96639e-10    5.158       1.02912e+00  4.04629e+01  5.69218e+01  -2.36815e+02  -7.60843e-06  2.68036e-05
11147041    11152058   -50.0          50.0            5      7      10     14     19     26     34     44     56     70     86     105    127    153    184   221  60              266.589      0.0425617     0.000556783  2.45526e-05   1.43634e-06    -9.18007e-09    -8.0457e-10     0.0         9.01325e-01  6.85632e+01  5.31088e+01  -1.49965e+02   3.77108e-05  4.1719e-05
11152059    11160010   -50.0          50.0            5      7      10     14     19     26     34     44     56     70     86     105    127    153    184   221  60              262.993      0.0193229     -0.00100541  -1.00716e-06  2.14219e-06    3.38108e-09     -7.91829e-10    3.6         9.21088e-01  6.57025e+01  5.29872e+01  -1.53578e+02   3.25228e-05  5.05313e-05
12171018    12180056   -70.0          70.0            6      9      13     19     26     35     45     58     74     92     114    139    168    201    241   288  70              343.799      -5.72345e-02  2.44418e-03   5.72380e-06  -1.71997e-06   -1.01153e-09    2.64559e-10     0.0         9.97565e-01  5.70141e+01  5.24999e+01  -9.23577e+01  -2.76630e-08  -1.06086e-05